../../.git/annex/objects/zj/jz/SHA256E-s1282--ab4292c316c5555de75ede95d4d7a464feba2a26742b99e33fb930176920dff2.tsv/SHA256E-s1282--ab4292c316c5555de75ede95d4d7a464feba2a26742b99e33fb930176920dff2.tsv